﻿ year ,nominal_revenue,real_revenue,nominal_expenditure,real_expenditure,nominal_balance,real_balance, nominal_reserve_fund , real_reserve_fund ,fund_ratio,nominal_gdp,real_gdp
" 2,023 ",10129290084,10129290084,2651540207,2651540207,7477749877,7477749877," 96,527,749,877 "," 96,527,749,877 ",36.40440738,2.1E+15,2.1E+15
" 2,024 ",10522767294,10316438523,2991457124,2932801102,7531310170,7383637421," 104,059,060,047 "," 102,018,686,321 ",34.78540916,2.18698E+15,2.1399E+15
" 2,025 ",10872134175,10449955955,3362547974,3231976138,7509586202,7217979817," 111,568,646,249 "," 107,236,299,739 ",33.17979316,2.27756E+15,2.18056E+15
" 2,026 ",11223297795,10575964179,3766769250,3549510793,7456528545,7026453386," 119,025,174,794 "," 112,160,080,582 ",31.59874335,2.37189E+15,2.22199E+15
" 2,027 ",11575428289,10693906479,4206164846,3885846154,7369263443,6808060325," 126,394,438,237 "," 116,768,923,641 ",30.04980615,2.47013E+15,2.26421E+15
" 2,028 ",11817465713,10703442791,4675713742,4234937994,7141751971,6468504796," 133,536,190,208 "," 120,947,841,699 ",28.55953071,2.57244E+15,2.30723E+15
" 2,029 ",12052260596,10702062499,5178415514,4598284781,6873845082,6103777718," 140,410,035,290 "," 124,680,093,109 ",27.11447834,2.67898E+15,2.35106E+15
" 2,030 ",12278650216,10689303925,5715957798,4976085241,6562692418,5713218684," 146,972,727,708 "," 127,948,604,085 ",25.71270344,2.78994E+15,2.39573E+15
" 2,031 ",12495320884,10664636059,6216876611,5306044326,6278444273,5358591733," 153,251,171,981 "," 130,798,399,659 ",24.65083056,2.90321E+15,2.43982E+15
" 2,032 ",12702952995,10629262811,6746414534,5645097887,5956538461,4984164923," 159,207,710,442 "," 133,217,890,079 ",23.59886272,3.01872E+15,2.48324E+15
" 2,033 ",12879860295,10565971496,7525254295,6173329567,5354606000,4392641929," 164,562,316,442 "," 134,998,416,517 ",21.86800738,3.13635E+15,2.52596E+15
" 2,034 ",12981284421,10440367260,8343651067,6710490164,4637633354,3729877095," 169,199,949,796 "," 136,081,265,837 ",20.27888612,3.25601E+15,2.56789E+15
" 2,035 ",13057056148,10295399666,9217110793,7267628959,3839945355,3027770707," 173,039,895,151 "," 136,440,776,430 ",18.77376751,3.37758E+15,2.60897E+15
" 2,036 ",13104708323,10130365766,10148297649,7844964157,2956410674,2285401609," 175,996,305,825 "," 136,050,868,696 ",17.34244618,3.50093E+15,2.64915E+15
" 2,037 ",13121624261,9944551310,11139958203,8442696097,1981666058,1501855212," 177,977,971,883 "," 134,885,059,817 ",15.97653857,3.62593E+15,2.68836E+15
" 2,038 ",13105031119,9737231158,12190710346,9057877356,914320772.7,679353802.1," 178,892,292,655 "," 132,919,608,524 ",14.67447651,3.75243E+15,2.72653E+15
" 2,039 ",13052109529,9507754547,13290795621,9681624431,-238686091.7,-173869884.3," 178,653,606,564 "," 130,139,471,806 ",13.44190458,3.8803E+15,2.76361E+15
" 2,040 ",12960223498,9255706423,14442386006,10314211398,-1482162508,-1058504975," 177,171,444,056 "," 126,529,212,483 ",12.26746356,4.00935E+15,2.79954E+15
" 2,041 ",12826546684,8980626909,15577755222,10906911360,-2751208538,-1926284451," 174,420,235,518 "," 122,121,963,081 ",11.1967503,4.14025E+15,2.83426E+15
" 2,042 ",12645522964,8680275936,16764278337,11507516316,-4118755374,-2827240380," 170,301,480,144 "," 116,900,174,405 ",10.15859297,4.27289E+15,2.8677E+15
" 2,043 ",12420203477,8358440891,17999304216,12113015753,-5579100740,-3754574862," 164,722,379,404 "," 110,853,439,260 ",9.151597052,4.40716E+15,2.89982E+15
" 2,044 ",12289341124,8108210078,19327850869,12752048594,-7038509745,-4643838516," 157,683,869,659 "," 104,036,003,896 ",8.158375741,4.54295E+15,2.93056E+15
" 2,045 ",12114593480,7836191969,20715727576,13399741257,-8601134096,-5563549288," 149,082,735,563 "," 96,432,532,964 ",7.196596644,4.68015E+15,2.95986E+15
" 2,046 ",11893091499,7542074354,22165099651,14056129110,-10272008152,-6514054756," 138,810,727,411 "," 88,027,644,228 ",6.262580796,4.81863E+15,2.98768E+15
" 2,047 ",11621600887,7225398996,23678194567,14721242358,-12056593680,-7495843362," 126,754,133,732 "," 78,805,768,626 ",5.353200953,4.95825E+15,3.01398E+15
" 2,048 ",11296723969,6885701995,25257306568,15395108060,-13960582600,-8509406065," 112,793,551,132 "," 68,751,151,411 ",4.465779074,5.09889E+15,3.03869E+15
" 2,049 ",10940973458,6538099094,26426239556,15791773335,-15485266098,-9253674240," 97,308,285,034 "," 58,149,415,379 ",3.682260006,5.24039E+15,3.06178E+15
" 2,050 ",10538653747,6174197225,27619987869,16181502547,-17081334122,-10007305322," 80,226,950,912 "," 47,001,925,442 ",2.904670027,5.38262E+15,3.08322E+15
" 2,051 ",10087552301,5794033343,28649725772,16455673431,-18562173471,-10661640088," 61,664,777,441 "," 35,418,678,972 ",2.152368854,5.52705E+15,3.10387E+15
" 2,052 ",9580111348,5394678600,29685296181,16716155609,-20105184833,-11321477009," 41,559,592,608 "," 23,402,718,062 ",1.400005995,5.67368E+15,3.12374E+15
" 2,053 ",9029339890,4984835700,30737513018,16969286137,-21708173129,-11984450437," 19,851,419,479 "," 10,959,390,800 ",0.645836879,5.82245E+15,3.14279E+15
" 2,054 ",8433364303,4564524439,31815284741,17219894637,-23381920438,-12655370198, - , - ,0,5.97334E+15,3.16102E+15
" 2,055 ",7886934235,4185069968,32919968659,17468431721,-25033034424,-13283361754, - , - ,0,6.12632E+15,3.17841E+15
" 2,056 ",7868772809,4093561676,34024073164,17700300335,-26155300355,-13606738659, - , - ,0,6.28134E+15,3.19494E+15
" 2,057 ",7847044237,4002213578,35153007114,17929023734,-27305962876,-13926810156, - , - ,0,6.43836E+15,3.21059E+15
" 2,058 ",7821393618,3910912784,36270772506,18136387811,-28449378888,-14225475027, - , - ,0,6.59734E+15,3.22536E+15
" 2,059 ",7789640004,3818661863,37379420656,18324257352,-29589780652,-14505595489, - , - ,0,6.75822E+15,3.23923E+15
" 2,060 ",7751371314,3725393789,38480251587,18494029568,-30728880273,-14768635779, - , - ,0,6.92096E+15,3.25219E+15
" 2,061 ",7706094689,3631013087,38911433433,18334568899,-31205338744,-14703555812, - , - ,0,7.08621E+15,3.26454E+15
" 2,062 ",7655387968,3536392872,39319640849,18163638238,-31664252881,-14627245366, - , - ,0,7.25395E+15,3.2763E+15
" 2,063 ",7598943936,3441488874,39707069991,17982951414,-32108126056,-14541462540, - , - ,0,7.42419E+15,3.28744E+15
" 2,064 ",7536513092,3346288768,40075710374,17794024618,-32539197282,-14447735850, - , - ,0,7.5969E+15,3.29796E+15
" 2,065 ",7467712178,3250725941,40427338374,17598187294,-32959626196,-14347461353, - , - ,0,7.77209E+15,3.30785E+15
" 2,066 ",7477281844,3191070251,40822162587,17421623435,-33344880743,-14230553185, - , - ,0,7.94973E+15,3.31711E+15
" 2,067 ",7487824827,3132911438,41210658082,17242569778,-33722833255,-14109658340, - , - ,0,8.1298E+15,3.32574E+15
" 2,068 ",7499362511,3076214523,41594713743,17062018579,-34095351232,-13985804056, - , - ,0,8.3123E+15,3.33372E+15
" 2,069 ",7509783874,3020087581,41973981536,16879993152,-34464197663,-13859905571, - , - ,0,8.4972E+15,3.34105E+15
" 2,070 ",7519066059,2964529849,42350061859,16697289466,-34830995799,-13732759617, - , - ,0,8.68448E+15,3.34773E+15
" 2,071 ",7543188230,2915725939,42377340431,16380435828,-34834152201,-13464709888, - , - ,0,8.87588E+15,3.35443E+15
" 2,072 ",7567761660,2867867151,42370330037,16056594163,-34802568376,-13188727012, - , - ,0,9.07151E+15,3.36114E+15
" 2,073 ",7592831242,2820948511,42328787909,15726324925,-34735956667,-12905376414, - , - ,0,9.27144E+15,3.36786E+15
" 2,074 ",7613644795,2773216986,42286468311,15402550994,-34672823516,-12629334008, - , - ,0,9.47579E+15,3.3746E+15
" 2,075 ",7637405641,2727325205,42257150468,15090070760,-34619744827,-12362745555, - , - ,0,9.68463E+15,3.38135E+15
" 2,076 ",7664177924,2683221190,42242338702,14789001434,-34578160778,-12105780245, - , - ,0,9.89808E+15,3.38811E+15
" 2,077 ",7694067871,2640868266,42238826968,14497815666,-34544759097,-11856947401, - , - ,0,1.01E+16,3.39488E+15
" 2,078 ",7727181729,2600229489,42243550902,14215134395,-34516369173,-11614904906, - , - ,0,1.03E+16,3.40167E+15
" 2,079 ",7763437385,2561205560,42253360575,13939642541,-34489923190,-11378436981, - , - ,0,1.06E+16,3.40848E+15
" 2,080 ",7802939238,2523762219,42265420423,13670216822,-34462481185,-11146454603, - , - ,0,1.08E+16,3.41529E+15
" 2,081 ",7845340426,2487721910,42275862079,13405484357,-34430521653,-10917762447, - , - ,0,1.10E+16,3.42212E+15
" 2,082 ",7890757607,2453062247,42282035559,13144550921,-34391277952,-10691488674, - , - ,0,1.13E+16,3.42897E+15
" 2,083 ",7939308753,2419760516,42281360313,12886608825,-34342051559,-10466848309, - , - ,0,1.15E+16,3.43583E+15
" 2,084 ",8023798025,2397560145,42295045571,12638019460,-34271247546,-10240459315, - , - ,0,1.18E+16,3.4427E+15
" 2,085 ",8104120338,2374079358,42293891578,12389877098,-34189771240,-10015797740, - , - ,0,1.20E+16,3.44958E+15
" 2,086 ",8180521131,2349471330,42275855667,12141758361,-34095334536,-9792287031, - , - ,0,1.23E+16,3.45648E+15
" 2,087 ",8253278366,2323889643,42238935019,11893288858,-33985656653,-9569399215, - , - ,0,1.26E+16,3.4634E+15
" 2,088 ",8322704572,2297488332,42181160699,11644138475,-33858456127,-9346650143, - , - ,0,1.29E+16,3.47032E+15
" 2,089 ",8394734261,2271933507,41976859990,11360530513,-33582125730,-9088597006, - , - ,0,1.31E+16,3.47726E+15
" 2,090 ",8462224220,2245292990,41789172779,11087975720,-33326948560,-8842682731, - , - ,0,1.34E+16,3.48422E+15
" 2,091 ",8527290867,2218193341,41616076622,10825537148,-33088785755,-8607343807, - , - ,0,1.37E+16,3.49119E+15
" 2,092 ",8590590694,2190842593,41455699096,10572370927,-32865108401,-8381528334, - , - ,0,1.40E+16,3.49817E+15
" 2,093 ",8652590894,2163386657,41306547688,10327777566,-32653956794,-8164390909, - , - ,0,1.43E+16,3.50517E+15
